2288528
2281810
2268999
2280843
2283799
2288687
2264113
2265685
2274841
2249007
2271578
2291149
1366856
2272782
2277159
2265417
2287427
2279363
2235945
2269978
2287661
2266942
2285845
2288992
2265215
2266583
2282059
2269179
2266101
2265454
2265690
2268082
2283739
2272538
2279443
1368626
2271201
2290421
2290746
2287614
2282120
2284143
2277494
2283493
2275708
2287131
2286484
2288069
2285437
2263686
2281950
2283894
2273257
2271032
2274547
2273935
2278584
2266908
2271235
1661008
2278149
2291167
2273212
2285102
2287129
2263974
2269919
2267418
2282514
2288771
2289343
2285700
2281144
2273048
2273764
2271500
2282903
2269152
2275629
2275262
2279784
2290248
2290006
2272155